    Вид природы  Город-курорт  Расстояние от Москвы  Население      Цена  ...  Освоение Сибири  Советский союз  Средневековая Русь  Русское царство  Личность
1          0.00             1              0.076915   0.424594  0.915907  ...                0               0                   0                0         0
2          0.00             0              0.000000   1.000000  0.882425  ...                0               0                   1                0         1
3          0.00             1              0.178537   0.036520  0.605562  ...                0               0                   0                0         0
4          0.00             0              0.088087   0.099148  1.000000  ...                0               0                   0                0         0
5          0.00             0              1.000000   0.047799  0.986318  ...                0               0                   0                0         0
6          0.00             0              0.192502   0.106405  0.891101  ...                0               0                   0                0         0
7          0.00             0              0.045332   0.098675  0.592436  ...                0               0                   0                0         0
8          0.25             0              0.422602   0.081716  0.901001  ...                0               0                   0                0         0
9          0.00             0              0.556988   0.048667  0.953504  ...                1               0                   0                0         1
10         0.00             0              0.114298   0.093153  0.574638  ...                0               0                   0                0         0
11         0.00             0              0.139005   0.034390  0.828365  ...                0               0                   0                0         0
12         0.00             0              0.117198   0.089841  0.775083  ...                0               0                   0                0         0
13         0.00             0              0.100548   0.080060  0.998220  ...                0               1                   0                0         1
14         0.50             0              0.136964   0.041726  0.730145  ...                0               0                   0                0         0
15         0.00             0              0.108819   0.094100  0.567964  ...                0               0                   0                0         0
16         0.00             0              0.145021   0.072409  0.957175  ...                0               0                   0                0         0
17         0.00             0              0.051670   0.083057  0.982870  ...                0               0                   0                0         0
18         0.00             0              0.290472   0.127149  0.842380  ...                0               0                   0                0         0
19         0.00             0              0.123429   0.082190  0.674750  ...                0               0                   0                0         0
20         0.00             0              0.229992   0.091024  0.935818  ...                0               0                   0                0         0
21         0.75             0              0.230315   0.045827  0.734260  ...                0               0                   0                0         0
22         0.00             0              0.380062   0.045275  0.755617  ...                0               0                   0                0         1
23         0.75             0              0.318079   0.043855  0.978198  ...                0               0                   0                0         0
24         0.25             0              0.193254   0.024057  0.599221  ...                0               0                   0                0         0
25         0.25             0              0.148566   0.023821  0.655395  ...                0               0                   0                0         0
26         0.00             0              0.119884   0.033996  0.993326  ...                0               0                   0                0         0
27         0.00             0              0.036416   0.021139  0.909566  ...                0               0                   1                0         1
28         0.00             0              0.028897   0.047878  0.721357  ...                0               0                   0                0         1
29         0.00             0              0.023848   0.000789  0.645050  ...                0               0                   1                0         1
30         0.00             0              0.049952   0.025083  0.675417  ...                0               0                   1                0         1
31         0.00             0              0.097862   0.037309  0.780311  ...                0               0                   0                0         0
32         0.00             0              0.117950   0.027449  0.824360  ...                0               0                   0                0         0
33         0.00             0              0.178429   0.014119  0.591435  ...                0               0                   0                0         0
34         0.75             0              0.117413   0.020902  0.641491  ...                0               0                   0                0         0
35         0.00             0              0.069610   0.048588  0.986541  ...                0               0                   0                1         1
36         0.00             0              0.070792   0.037309  0.689989  ...                0               0                   0                0         0
37         0.00             0              0.090987   0.065941  0.790434  ...                0               1                   0                0         1
38         0.00             0              0.167043   0.028475  0.875751  ...                0               0                   0                0         0
39         0.00             0              0.192394   0.094573  0.619577  ...                0               0                   0                0         0
40         0.00             0              0.105274   0.051112  0.842937  ...                0               1                   0                0         1
41         0.75             0              0.304437   0.050087  0.559177  ...                0               0                   0                0         0
42         0.00             0              0.003545   0.009150  0.879088  ...                0               0                   0                0         0
43         0.00             0              0.116232   0.030762  0.815350  ...                0               0                   0                1         1
44         0.00             0              0.021270   0.043461  0.753281  ...                0               0                   0                0         0
45         0.00             0              0.020733   0.039517  0.929477  ...                0               0                   0                1         1
46         0.00             0              0.144376   0.022795  0.815573  ...                0               0                   0                0         0
47         0.00             0              0.055538   0.017668  0.924249  ...                0               0                   1                0         1
48         0.75             0              0.148566   0.026266  0.929588  ...                0               0                   0                0         0
49         0.00             0              0.018154   0.032655  0.796885  ...                0               0                   0                0         0
50         0.75             0              0.132238   0.019009  0.632592  ...                0               0                   0                0         0
51         0.00             0              0.149748   0.044960  0.608009  ...                0               0                   0                0         0

[51 rows x 15 columns]